0.0078510817604845
0.025494608459615643
0.03170741427573291
0.014749442455999087
0.006495701907914211
0.0011931760595424975
3.8382632536422545E-5
2.9453986055568764E-5
6.260443027063273E-4
-6.947554721218466E-4
-3.067693550284956E-4
0.0011920718256184044
5.647736987860753E-4
0.0012226893061254031
-0.007197342659052766
-0.026542072920349324
7.380459456659083E-4
9.609106135642379E-5
-9.074848606579733E-5
-1.7490279194480536E-4
8.591945677310376E-5
NaN
8.629893224298939E-4
3.270952784018845E-5
3.9051483913340235E-5
-5.9064722421067014E-5
-4.109648034980183E-5
3.186111975576978E-4
8.866431519745789E-4
0.011238337689331263
0.020684112303767734
0.010023308736243939
0.004131093018941453
0.005153192580209407
0.005158983202876834
0.009918598618911291
0.016818753264191414
0.02693052387755076
0.036422950789133865
0.04632126603435009
0.040222927478203295
0.018620082634593072
0.00165517363064144
3.82246924424976E-6
7.681595093345094E-11
4.1495695768389856E-16
2.3305801732931293E-16
1.3073986337985848E-16
3.410605131648481E-17
2.842170943040401E-17
5.684341886080802E-18
0.0
0.0
0.0
0.0
0.0
0.0
0.0
0.0
0.0
0.0
0.0
0.0
0.0
0.0
0.0
0.0
0.0
0.0
0.0
0.0
0.0
0.0
0.0
0.0
0.0
0.0
0.0
0.0
0.0
0.0
0.0
0.0
0.0
0.0
0.0
0.0
0.0
0.0
0.0
0.0
0.0
0.0
0.0
0.0
0.0
0.0
0.0
